0001
0004
0011
0015
0016
0018
0026
0027
0031
0033
0034
0035
0039
0040
0041
0042
0045
0048
0053
0054
0055
0056
0057
0059
0062
0063
0064
0066
0073
0074
0075
0078
0079
0080
0081
0084
0085
0088
0090
0105
0106
0118
0119
0120
0121
0122
0123
0126
0128
0152
0153
0154
0162
0163
0167
0169
0189
152
153
154
162
163
167
169
189
209
216
217
219
228
229
238
243
245
259
268
277
280
283
287
289
370
380
381
414
442
448
457
485
495
509
531
532
533
548
560
561
562
565
566
581
605
611
621
624
628
643
0003
0005
0006
0008
0010
0012
0013
0014
0017
0020
0022
0028
0030
0032
0038
0043
0044
0049
0058
0065
0067
0068
0071
0072
0076
0087
0091
0093
0097
0115
0125
0126
0151
0157
0158
0159
0161
0165
0186
0214
0227
0249
0271
0273
0293
0316
0336
0340
0344
345
383
385
387
408
415
434
443
459
468
520
521
522
527
536
537
539
541
544
551
553
555
556
557
564
583
591
606
609
616
632
635
647
657
678
680
681
686
696
709
722
730
736
758
761
767
770
772
788
791
0003
0011
0015
0016
0018
0019
0026
0027
0028
0030
0042
0061
0075
0076
0080
0086
0088
0125
0141
0142
0159
0167
0209
0234
0259
0283
0287
0340
0344
0345
0349
0350
0360
0424
0457
0487
0524
0532
0567
0632
0713
0723
0763
0826
0828
0838
0844
0845
0881
0002
0019
0021
0023
0024
0025
0061
0082
0083
0086
92
109
138
141
142
143
147
148
160
203
206
234
237
328
369
379
426
430
445
707
708
725
817
876
1019
1171
1290
1367
1474
1634
1669
1670
1721
1836
0020
0042
0071
0084
0085
0094
0103
0144
0145
0150
0155
173
224
225
227
232
255
272
316
331
341
385
394
402
439
456
496
503
591
636
682
726
735
739
770
772
844
856
880
895
901
907
921
946
975
1003
1019
1021
1047
0094
0095
0096
0098
0099
0100
0101
0102
0103
0104
105
106
107
108
110
111
112
113
114
116
117
124
129
144
145
156
173
199
222
226
230
235
236
250
255
257
270
272
285
297
298
333
337
366
404
426
428
429
431
437
449
450
501
508
510
513
515
530
536
538
543
545
549
559
563
572
582
589
590
606
617
623
637
652
653
654
655
662
663
666
669
671
684
685
687
700
701
742
776
783
814
834
863
865
872
889
894
897
919
0004
0029
0033
0034
0035
0050
0069
0074
0081
0153
154
162
167
174
209
222
230
240
270
275
278
287
300
302
315
327
349
350
352
354
363
367
374
378
392
410
436
441
454
475
483
493
497
528
540
644
658
668
702
704
710
718
719
744
774
778
786
793
852
862
875
878
887
911
927
981
1011
1044
1060
1064
1095
1111
1150
1157
1170
1182
1198
1201
1231
1235
1237
1283
1292
1300
1337
1351
1482
1521
1533
1552
1562
1574
1590
1618
1631
1642
1649
1658
1712
0056
0057
0075
0147
0148
0164
0179
0220
0242
0274
280
296
315
324
327
349
350
360
452
493
524
527
710
767
853
922
948
969
973
976
1030
1054
1057
1086
1099
1122
1152
1183
1229
1235
1244
1288
1305
1329
1333
1353
1356